0 	0 	13.5607 	152.832
0.0186441 	2.88932 	8.43414 	153.163
0.0372881 	5.73032 	7.8496 	150.15
0.0559322 	8.52685 	9.79291 	152.426
0.0745763 	11.3267 	12.1147 	151.915
0.0932203 	14.3245 	13.6647 	149.651
0.111864 	17.3152 	20.6482 	146.377
0.130508 	19.8738 	28.3666 	143.138
0.149153 	22.485 	32.4886 	139.827
0.167797 	25.1853 	32.3757 	139.897
0.186441 	27.8253 	33.8693 	138.583
0.205085 	30.3599 	29.2066 	133.397
0.223729 	32.8633 	34.5178 	132.778
0.242373 	35.4302 	38.0963 	130.78
0.261017 	37.7162 	39.5665 	125.148
0.279661 	40.0081 	40.5307 	121.502
0.298305 	42.3188 	41.4169 	122.817
0.316949 	44.6517 	38.6312 	115.762
0.335593 	46.7954 	39.5346 	112.088
0.354237 	48.889 	43.3746 	114.531
0.372881 	50.995 	41.6098 	106.27
0.391525 	53.0134 	40.3873 	106.412
0.410169 	54.9134 	41.3416 	98.9433
0.428814 	56.809 	40.5869 	99.2004
0.447458 	58.7241 	40.0293 	100.074
0.466102 	60.3358 	41.3438 	96.3983
0.484746 	62.0436 	36.9177 	96.347
0.50339 	63.8162 	34.4213 	94.3299
0.522034 	65.5999 	38.3476 	87.7738
0.540678 	67.2122 	38.2685 	84.2593
0.559322 	68.6875 	37.3182 	86.0315
0.577966 	70.3334 	34.3906 	84.4177
0.59661 	71.9626 	30.4118 	82.5058
0.615254 	73.4854 	29.6374 	78.8102
0.633898 	74.9605 	26.5371 	79.8141
0.652542 	76.3898 	30.1825 	74.3777
0.671186 	77.7337 	28.718 	72.8423
0.689831 	79.041 	24.9501 	73.7274
0.708475 	80.5058 	23.8408 	72.6061
0.727119 	81.8929 	24.0643 	70.8055
0.745763 	83.2164 	20.5999 	70.3029
0.764407 	84.5041 	19.4084 	70.9175
0.783051 	85.7455 	20.1838 	66.8832
0.801695 	86.9845 	18.4127 	69.5297
0.820339 	88.311 	14.6199 	69.3341
0.838983 	89.5885 	12.2376 	66.3362
0.857627 	90.6964 	12.1092 	64.1661
0.876271 	91.9517 	10.2532 	66.1368
0.894915 	93.2784 	10.2603 	65.2623
0.913559 	94.478 	7.58328 	64.8009
0.932203 	95.6844 	6.7678 	65.5067
0.950847 	96.85 	2.39373 	64.9521
0.969492 	98.004 	1.70001 	62.3322
0.988136 	99.2117 	-2.19659 	63.9652
