0 	0 	12.2609 	156.648
0.0186441 	2.97487 	14.6608 	153.605
0.0372881 	5.95417 	15.3883 	151.309
0.0559322 	8.6685 	11.7443 	150.42
0.0745763 	11.1319 	10.6266 	150.197
0.0932203 	13.7319 	10.0586 	150.356
0.111864 	16.5927 	14.4616 	149.457
0.130508 	19.6335 	19.1815 	146.683
0.149153 	22.5283 	24.0757 	143.045
0.167797 	25.0301 	27.8185 	137.975
0.186441 	27.5282 	32.5013 	133.09
0.205085 	29.8935 	35.9844 	131.699
0.223729 	32.4313 	38.0698 	129.078
0.242373 	35.0139 	37.6972 	128.622
0.261017 	37.5783 	36.3782 	129.548
0.279661 	39.9152 	35.3335 	123.983
0.298305 	42.2482 	37.1782 	118.35
0.316949 	44.5599 	42.7103 	113.228
0.335593 	46.5179 	40.4626 	112.675
0.354237 	48.4298 	39.6118 	111.132
0.372881 	50.3868 	40.098 	108.634
0.391525 	52.3347 	39.9065 	107.72
0.410169 	54.3121 	39.6389 	107.229
0.428814 	56.2704 	41.1339 	105.213
0.447458 	58.2149 	41.3064 	101.475
0.466102 	60.1374 	41.4996 	98.0985
0.484746 	62.0273 	40.9293 	94.1158
0.50339 	63.8765 	40.1504 	90.5011
0.522034 	65.5732 	38.4109 	88.4414
0.540678 	67.2787 	36.6805 	86.3532
0.559322 	68.9062 	35.02 	84.4561
0.577966 	70.4201 	33.4324 	82.2317
0.59661 	71.933 	32.7333 	80.937
0.615254 	73.4341 	35.6976 	81.9776
0.633898 	74.8061 	30.0991 	78.2411
0.652542 	76.2615 	28.3976 	77.2189
0.671186 	77.7169 	26.6961 	76.1968
0.689831 	79.1464 	26.3305 	75.3076
0.708475 	80.5155 	24.3671 	72.2893
0.727119 	81.8482 	24.6596 	70.6106
0.745763 	83.1931 	22.316 	70.6703
0.764407 	84.5381 	19.9723 	70.73
0.783051 	85.8349 	16.2742 	69.526
0.801695 	87.1226 	16.8609 	67.5923
0.820339 	88.4208 	19.0547 	66.66
0.838983 	89.4472 	19.1335 	68.012
0.857627 	90.539 	12.7813 	70.5716
0.876271 	91.78 	7.36455 	67.9284
0.894915 	93.1589 	8.73612 	65.9799
0.913559 	94.4054 	8.12121 	64.9945
0.932203 	95.6467 	7.09615 	64.271
0.950847 	96.8629 	4.7179 	63.6905
0.969492 	98.0541 	2.66043 	64.3622
0.988136 	99.244 	0.693219 	65.209
