0 	0 	-0.608486 	34.0739
0.0186441 	0.653923 	-0.394128 	34.9036
0.0372881 	1.29475 	-0.192177 	34.7419
0.0559322 	1.92766 	-0.129838 	34.9291
0.0745763 	2.58323 	-0.0512518 	35.4167
0.0932203 	3.28918 	-0.0271039 	36.0028
0.111864 	4.0194 	-0.0504184 	36.7465
0.130508 	4.67218 	-0.0211286 	37.4799
0.149153 	5.3542 	0.00870579 	38.3399
0.167797 	6.09291 	-0.0840131 	39.3863
0.186441 	6.8261 	-0.146942 	40.5882
0.205085 	7.5867 	-0.0907006 	41.8625
0.223729 	8.38716 	-0.0447302 	43.2539
0.242373 	9.23334 	-0.110841 	44.8868
0.261017 	10.0499 	-0.164882 	46.495
0.279661 	10.9515 	-0.146094 	48.4731
0.298305 	11.8851 	0.0731311 	50.4861
0.316949 	12.8749 	-0.130869 	52.7286
0.335593 	13.8446 	-0.13797 	55.0958
0.354237 	14.8864 	-0.10585 	57.5422
0.372881 	15.9894 	-0.274459 	60.2927
0.391525 	17.1511 	-0.325006 	63.3134
0.410169 	18.3881 	0.181508 	66.1214
0.428814 	19.6447 	-0.0200697 	69.4758
0.447458 	20.9637 	-0.264984 	72.7191
0.466102 	22.2289 	-0.279395 	76.1859
0.484746 	23.6446 	-0.190557 	79.8265
0.50339 	25.1824 	-0.179959 	83.9093
0.522034 	26.8852 	-0.0167066 	88.1488
0.540678 	28.6073 	0.481011 	92.5691
0.559322 	30.2202 	0.24701 	96.984
0.577966 	32.1214 	-0.126244 	102.142
0.59661 	34.1425 	-0.437057 	107.152
0.615254 	36.2903 	0.140541 	112.307
0.633898 	38.4758 	0.477248 	118.365
0.652542 	40.6922 	0.3283 	123.584
0.671186 	42.9148 	0.117558 	128.156
0.689831 	45.2386 	0.197252 	133.686
0.708475 	47.9736 	0.138276 	140.183
0.727119 	50.6912 	0.0166602 	146.273
0.745763 	53.4363 	-0.461468 	151.537
0.764407 	56.2756 	0.0550675 	157.095
0.783051 	59.1483 	-0.0680699 	162.835
0.801695 	62.232 	0.575777 	167.817
0.820339 	65.5521 	0.506858 	173.325
0.838983 	68.8836 	0.315445 	178.177
0.857627 	71.9213 	0.177685 	182.709
0.876271 	75.3977 	-0.168401 	187.105
0.894915 	79.2199 	-0.238764 	191.2
0.913559 	82.8471 	0.545595 	194.307
0.932203 	86.472 	0.307534 	196.669
0.950847 	90.0723 	0.737928 	198.403
0.969492 	93.6942 	1.10465 	200.95
0.988136 	97.5362 	3.49367 	203.494
