0 	0 	1.44931 	34.9345
0.0186441 	0.673862 	1.78134 	34.6277
0.0372881 	1.34999 	1.62048 	34.4955
0.0559322 	1.97127 	0.0131748 	34.8935
0.0745763 	2.53863 	-0.963507 	35.5474
0.0932203 	3.15378 	-1.57769 	36.2277
0.111864 	3.85597 	-1.52503 	36.8542
0.130508 	4.61452 	-1.48752 	37.1334
0.149153 	5.35524 	-1.17278 	37.3746
0.167797 	6.05803 	-0.881959 	38.2419
0.186441 	6.75964 	-0.221157 	39.1137
0.205085 	7.44937 	0.686788 	40.6636
0.223729 	8.30754 	0.524003 	42.1852
0.242373 	9.20269 	0.104883 	44.659
0.261017 	10.0896 	-0.267219 	47.7268
0.279661 	10.9886 	-1.32102 	48.7947
0.298305 	11.8968 	-1.37878 	49.6284
0.316949 	12.818 	-0.291649 	50.0594
0.335593 	13.7673 	-1.02347 	54.3587
0.354237 	14.682 	-1.31216 	57.3096
0.372881 	15.745 	-0.681544 	59.3179
0.391525 	16.8823 	0.0181314 	63.0819
0.410169 	18.031 	0.924548 	67.3215
0.428814 	19.3998 	2.28691 	70.3516
0.447458 	20.7486 	1.87413 	73.1558
0.466102 	22.2137 	2.03198 	76.006
0.484746 	23.78 	2.37807 	79.3851
0.50339 	25.3611 	2.83268 	83.0055
0.522034 	27.0446 	2.64732 	87.5093
0.540678 	28.7386 	2.1737 	91.9655
0.559322 	30.5042 	0.832581 	96.5859
0.577966 	32.3655 	0.551319 	101.277
0.59661 	34.2373 	0.655601 	107.063
0.615254 	36.1202 	5.2714 	114.197
0.633898 	38.1949 	-0.318744 	118.888
0.652542 	40.53 	0.431875 	124.855
0.671186 	42.8652 	1.18249 	130.823
0.689831 	45.4977 	2.52493 	135.279
0.708475 	48.013 	1.47261 	139.453
0.727119 	50.5093 	3.77665 	142.614
0.745763 	53.5096 	1.97551 	151.145
0.764407 	56.5098 	0.174372 	159.676
0.783051 	59.5205 	-4.02815 	166.706
0.801695 	62.6315 	2.08953 	169.246
0.820339 	65.7854 	12.6798 	172.488
0.838983 	68.5423 	15.5197 	179.313
0.857627 	71.4478 	2.01872 	192.971
0.876271 	75.0125 	-8.42729 	194.587
0.894915 	78.9176 	0.0608188 	193.321
0.913559 	82.6628 	2.68022 	193.495
0.932203 	86.429 	4.9103 	195.745
0.950847 	90.1325 	1.35545 	197.563
0.969492 	93.8782 	-2.18102 	201.296
0.988136 	97.621 	-5.51774 	205.68
