0 	0 	-0.616625 	152.548
0.0186441 	2.90759 	2.50851 	155.031
0.0372881 	5.75341 	6.30957 	153.582
0.0559322 	8.55763 	10.8249 	152.456
0.0745763 	11.3518 	14.1073 	151.011
0.0932203 	14.3379 	17.8776 	149.697
0.111864 	17.3278 	21.5099 	147.65
0.130508 	19.8925 	24.3153 	145.694
0.149153 	22.5049 	26.881 	143.471
0.167797 	25.2013 	29.7005 	141.192
0.186441 	27.8338 	32.0881 	138.751
0.205085 	30.3714 	34.0643 	135.972
0.223729 	32.8807 	35.7953 	133.098
0.242373 	35.4518 	37.4633 	130.002
0.261017 	37.7412 	38.8965 	127.238
0.279661 	40.0283 	39.7207 	123.843
0.298305 	42.3364 	40.4221 	120.729
0.316949 	44.661 	41.2696 	117.639
0.335593 	46.7998 	41.592 	114.65
0.354237 	48.8897 	41.8667 	111.848
0.372881 	50.9814 	41.9756 	108.879
0.391525 	53.0129 	41.7994 	105.901
0.410169 	54.919 	40.9913 	103.5
0.428814 	56.8185 	40.6996 	100.758
0.447458 	58.7291 	40.3374 	98.3052
0.466102 	60.3336 	39.6996 	95.9887
0.484746 	62.0392 	38.865 	93.7283
0.50339 	63.8128 	37.9658 	91.3262
0.522034 	65.5945 	36.7891 	89.128
0.540678 	67.2087 	35.4522 	87.107
0.559322 	68.6917 	34.6228 	85.1974
0.577966 	70.3441 	33.6064 	83.0808
0.59661 	71.9728 	32.3488 	81.1779
0.615254 	73.4928 	30.7158 	79.6335
0.633898 	74.965 	29.4398 	77.9625
0.652542 	76.3931 	28.0179 	76.4551
0.671186 	77.7352 	26.7101 	75.3452
0.689831 	79.0434 	25.4726 	74.0986
0.708475 	80.5118 	23.9041 	72.7699
0.727119 	81.8998 	22.5088 	71.4762
0.745763 	83.2237 	21.061 	70.5203
0.764407 	84.5128 	19.4632 	69.5589
0.783051 	85.7547 	18.1379 	68.6448
0.801695 	86.9956 	16.5026 	67.9981
0.820339 	88.3149 	14.8958 	67.139
0.838983 	89.5853 	13.2671 	66.4334
0.857627 	90.6968 	12.1258 	65.9525
0.876271 	91.9501 	10.6154 	65.3126
0.894915 	93.2689 	8.8871 	64.8736
0.913559 	94.4648 	7.31146 	64.5518
0.932203 	95.6693 	5.81407 	64.2048
0.950847 	96.837 	4.3183 	63.9205
0.969492 	98.0005 	2.89109 	64.0343
0.988136 	99.2089 	2.49844 	64.6889
