0 	0 	0.025884 	34.5842
0.0186441 	0.668023 	0.0496877 	34.7776
0.0372881 	1.33908 	0.0705459 	34.9625
0.0559322 	1.95868 	0.00182027 	35.2022
0.0745763 	2.52766 	-0.0789615 	35.5341
0.0932203 	3.14633 	0.0106217 	35.9829
0.111864 	3.84925 	-0.0629474 	36.5289
0.130508 	4.60966 	-0.199137 	37.3073
0.149153 	5.35105 	-0.20331 	38.1523
0.167797 	6.05646 	-0.26458 	39.2406
0.186441 	6.76147 	-0.276311 	40.3362
0.205085 	7.45587 	0.0285518 	41.4802
0.223729 	8.31456 	-0.0126665 	43.0096
0.242373 	9.21097 	0.114416 	44.8266
0.261017 	10.0987 	0.3643 	46.7528
0.279661 	11.002 	0.285844 	48.7938
0.298305 	11.9138 	0.0989767 	50.7894
0.316949 	12.8375 	-0.294037 	52.5588
0.335593 	13.7875 	-0.362309 	54.983
0.354237 	14.7038 	-0.246132 	56.9699
0.372881 	15.7663 	0.172908 	59.1806
0.391525 	16.9018 	0.559538 	62.0218
0.410169 	18.0483 	0.783719 	64.9553
0.428814 	19.4159 	0.846643 	68.3638
0.447458 	20.7629 	0.560068 	72.0737
0.466102 	22.2258 	0.455626 	75.9094
0.484746 	23.7918 	0.521365 	80.0521
0.50339 	25.3722 	0.762217 	84.2502
0.522034 	27.0546 	1.11581 	88.7426
0.540678 	28.7483 	1.28111 	93.2321
0.559322 	30.5155 	0.625091 	97.9519
0.577966 	32.3772 	0.751021 	102.751
0.59661 	34.2543 	0.18883 	107.627
0.615254 	36.1519 	-1.2836 	112.894
0.633898 	38.2325 	-0.458213 	117.658
0.652542 	40.5728 	0.386785 	123.243
0.671186 	42.9132 	1.23178 	128.829
0.689831 	45.5451 	0.524868 	134.354
0.708475 	48.0597 	1.00336 	140.664
0.727119 	50.5573 	0.212198 	145.223
0.745763 	53.5536 	0.243051 	151.385
0.764407 	56.5499 	0.273904 	157.546
0.783051 	59.5547 	0.91674 	164.138
0.801695 	62.6591 	1.17873 	169.601
0.820339 	65.808 	1.16719 	174.675
0.838983 	68.5976 	0.264319 	177.967
0.857627 	71.5256 	-0.68287 	181.557
0.876271 	75.0827 	0.320458 	186.748
0.894915 	78.9853 	0.598871 	191.017
0.913559 	82.7274 	0.031165 	194.317
0.932203 	86.4878 	0.053967 	197.65
0.950847 	90.1772 	0.0542973 	200.439
0.969492 	93.9045 	0.415231 	202.666
0.988136 	97.6304 	0.835982 	204.952
