0 	0 	6.2425 	155.308
0.0186441 	2.95228 	7.01369 	154.417
0.0372881 	5.91253 	8.24526 	153.468
0.0559322 	8.62243 	11.1814 	152.167
0.0745763 	11.0954 	14.1047 	150.87
0.0932203 	13.7132 	16.6097 	149.959
0.111864 	16.5791 	20.4926 	148.294
0.130508 	19.6274 	24.2 	146.354
0.149153 	22.5251 	27.3131 	144.419
0.167797 	25.0374 	29.5905 	141.529
0.186441 	27.5492 	31.7137 	138.752
0.205085 	29.9338 	33.0374 	136.567
0.223729 	32.4746 	35.1375 	133.349
0.242373 	35.0621 	36.636 	129.856
0.261017 	37.63 	37.7742 	126.258
0.279661 	39.9769 	38.7424 	123.254
0.298305 	42.3177 	39.8244 	120.413
0.316949 	44.6344 	41.1418 	117.862
0.335593 	46.5927 	41.3135 	114.777
0.354237 	48.5062 	41.5437 	112.264
0.372881 	50.4611 	41.2802 	109.94
0.391525 	52.4045 	40.9254 	107.2
0.410169 	54.3734 	40.4456 	104.101
0.428814 	56.3254 	39.8456 	101.535
0.447458 	58.264 	39.663 	98.7798
0.466102 	60.1803 	39.1224 	96.281
0.484746 	62.068 	38.25 	93.7101
0.50339 	63.9147 	37.2712 	91.1759
0.522034 	65.6086 	36.1465 	88.9802
0.540678 	67.3116 	35.1075 	86.8498
0.559322 	68.9374 	34.1302 	84.8974
0.577966 	70.4469 	32.9191 	82.9683
0.59661 	71.9581 	32.0553 	81.1878
0.615254 	73.4612 	31.5691 	79.4319
0.633898 	74.8371 	29.8266 	77.8712
0.652542 	76.2949 	28.2206 	76.5159
0.671186 	77.7527 	26.6147 	75.1607
0.689831 	79.1827 	25.0179 	74.0797
0.708475 	80.551 	23.7006 	72.5172
0.727119 	81.8837 	22.3894 	71.6681
0.745763 	83.2249 	20.8318 	70.7591
0.764407 	84.5661 	19.2741 	69.8501
0.783051 	85.8588 	17.8377 	68.6113
0.801695 	87.1433 	16.255 	67.5841
0.820339 	88.4389 	14.5786 	66.6964
0.838983 	89.4769 	13.5307 	66.6024
0.857627 	90.5763 	12.4407 	66.4668
0.876271 	91.8121 	10.8059 	65.8091
0.894915 	93.1877 	8.8068 	65.2774
0.913559 	94.4317 	7.10281 	65.0768
0.932203 	95.6693 	5.42682 	64.6036
0.950847 	96.88 	4.27007 	64.489
0.969492 	98.0643 	3.65331 	64.7258
0.988136 	99.2477 	3.09211 	64.9328
